      0/30     5.04G   0.01912   0.07399         0    0.0931        40      1280         0         0         0         0         0         0         0
      1/30     5.04G   0.01866   0.06198         0   0.08064        44      1280    0.9267    0.3904    0.8619    0.5124   0.02124    0.3632         0
      2/30     5.01G   0.02214   0.05592         0   0.07806        46      1280    0.9159     0.637    0.9487    0.6502   0.02052    0.3172         0
      3/30     5.01G   0.02414   0.05576         0    0.0799        18      1280    0.8975    0.5319    0.9262    0.5159   0.02342    0.3398         0
      4/30     5.01G    0.0214   0.04651         0   0.06791        73      1280    0.9314    0.5207     0.931    0.5468   0.02279    0.3436         0
      5/30     5.01G   0.02021   0.04308         0   0.06328        11      1280    0.9637    0.5265    0.9488    0.6436   0.02025    0.3187         0
      6/30     5.01G   0.01901   0.04353         0   0.06254        24      1280    0.8417    0.5249    0.8941     0.597   0.02386    0.3235         0
      7/30     5.01G   0.01739   0.04324         0   0.06064        15      1280    0.9613    0.5297    0.9507    0.5902   0.02371    0.3621         0
      8/30     5.01G   0.01796   0.04319         0   0.06116        79      1280    0.9719    0.5217    0.9618    0.6687   0.01929     0.314         0
      9/30     5.01G   0.01647   0.04181         0   0.05828        89      1280    0.9772    0.5258    0.9651    0.6516   0.02008    0.3199         0
     10/30     5.01G   0.01545   0.04176         0   0.05721        39      1280    0.9728     0.525     0.967    0.5939   0.02098    0.3349         0
     11/30     5.01G    0.0148   0.04037         0   0.05517        71      1280    0.9771    0.5234    0.9706    0.6718   0.01912    0.3201         0
     12/30     5.01G    0.0142   0.03899         0   0.05319       178      1280    0.9781    0.5212    0.9656    0.6439   0.01971    0.3268         0
     13/30     5.01G    0.0142   0.03868         0   0.05288        74      1280    0.9767    0.5181    0.9654     0.642   0.02087    0.3247         0
     14/30     5.01G   0.01438   0.03998         0   0.05436        54      1280    0.9748    0.5135    0.9667    0.5876   0.02182    0.3294         0
     15/30     5.01G   0.01325   0.03823         0   0.05148        39      1280    0.9811    0.5154    0.9694    0.6547   0.02022     0.343         0
     16/30     5.01G   0.01284   0.03749         0   0.05033       100      1280    0.9754    0.5165    0.9694    0.6179   0.02036    0.3245         0
     17/30     5.01G   0.01238   0.03717         0   0.04955        66      1280    0.9771     0.513    0.9654    0.6139   0.02069    0.3376         0
     18/30     5.01G   0.01232   0.03659         0   0.04891         0      1280    0.9756    0.5084    0.9648    0.6299   0.01981    0.3379         0
     19/30     5.01G   0.01136   0.03647         0   0.04783        89      1280     0.978    0.5105    0.9702    0.6168   0.02038    0.3381         0
     20/30     5.01G   0.01152   0.03726         0   0.04877        42      1280    0.9801    0.5137    0.9709    0.6214   0.02007    0.3366         0
     21/30     5.01G   0.01125   0.03651         0   0.04775        29      1280    0.9796    0.5162    0.9733    0.6402   0.01982    0.3366         0
     22/30     5.01G   0.01118   0.03676         0   0.04794        51      1280    0.9763    0.5152    0.9703    0.6331   0.01981     0.332         0
     23/30     5.01G   0.01091   0.03498         0   0.04589        41      1280    0.9776    0.5179    0.9729    0.6378   0.01957    0.3278         0
     24/30     5.01G   0.01101   0.03721         0   0.04822       101      1280    0.9786    0.5184    0.9723    0.6373   0.01968    0.3301         0
     25/30     5.01G    0.0108    0.0369         0    0.0477        69      1280    0.9792    0.5229    0.9751    0.6287   0.02004    0.3343         0
     26/30     5.01G   0.01064   0.03634         0   0.04699        31      1280    0.9786    0.5197    0.9758    0.6415   0.01984    0.3322         0
     27/30     5.01G   0.01045   0.03596         0   0.04641        21      1280    0.9785    0.5196     0.976    0.6353   0.01988    0.3338         0
     28/30     5.01G   0.01049   0.03599         0   0.04648        50      1280     0.977    0.5152    0.9712    0.6388   0.01977    0.3297         0
     29/30     5.01G   0.01031   0.03471         0   0.04502        43      1280     0.979    0.5153    0.9756    0.6298   0.01993    0.3282         0
     30/30     5.01G   0.01032    0.0348         0   0.04512        71      1280     0.976    0.5203     0.973    0.6225   0.02029    0.3382         0
